481.9212638093391
481.91950979933864
481.9173388901177
481.91472204731735
481.91168587455536
481.9084337119633
481.90532251249164
481.9027516531038
481.901027520403
481.9002589681942
481.90031877549774
481.90087941181093
481.9015059019643
481.9017719605346
481.90136197390575
481.90013035792794
481.89810685887585
481.8954548468144
481.8924032955404
481.88917805135554
481.8859536559821
481.8828361504048
481.8798745528115
481.87708878626796
481.8744979026075
481.8721351729156
481.87004419704283
481.8682592823907
481.86678031828876
481.86555479034246
481.8644767523301
481.8634059207221
481.8622022076996
481.86076495332867
481.8590639936776
481.85715216662436
481.85515490219746
481.85323995769187
481.8515765734783
481.85029629580555
481.84946661320083
481.8490839662521
481.84908630886866
481.8493794270943
481.8498675550746
481.85047848080114
481.8511761546743
481.8519586226159
481.85284415003485
481.853852030086
481.85498568310487
481.85622412343236
481.8575244170255
481.8588336860337
481.86010595568104
481.86131768221594
481.86247651967284
481.8636203622211
481.8648069997613
481.8660977202764
481.8675399231864
481.86915384720896
481.8709269576949
481.87281704462544
481.87476248757906
481.8766962702423
481.878559679522
481.8803122337233
481.88193593674526
481.8834338281746
481.88482437428064
481.8861340884988
481.8873907208649
481.88861859221146
481.889836546609
481.8910579861804
481.8922918706723
481.8935435585273
481.89481481720935
481.8961030131403
481.8974000883733
481.89869218560204
481.8999606409284
481.90118455778065
481.9023445560214
481.90342676697526
481.90442594908137
481.905346781333
481.90620290989006
481.90701397369185
481.907801427503
481.90858428387
481.90937586757286
481.9101823008962
481.9110028859002
481.9118319943743
481.9126616911291
481.9134842211527
481.91429367071447
481.9150864924579
481.44375983512487
480.7216318873283
479.81188378267785
478.74979289833107
477.5407015728298
476.1761943292291
474.6433083561298
472.931422039726
471.03654565660537
468.9615033750215
466.71410728248736
464.30414920398897
461.7397234529143
459.02587540425844
456.1655604795441
453.1556119872226
449.995645857867
446.68384051120114
443.22056191329153
439.60858690605255
435.85216530622614
431.9563872531415
427.92507012082325
423.7607624665779
419.46286047612847
415.034426121555
410.47385108258936
405.783351628248
400.96682713150324
396.02923413847816
390.9758440703284
385.8113367834687
380.5391796776994
375.1614392513394
369.6790735090345
364.09289450003286
358.40394442459547
352.616657474152
346.7352766981133
340.76457619741416
334.7120184728386
328.5851167408726
322.39005711071394
316.13135947999353
309.81167447883695
303.43384225099845
296.9987486730156
290.50783815231847
283.9637213585402
277.37064626099385
270.7343519188139
264.0616399580321
257.3594801770774
250.63437575600747
243.8920249091701
237.13697206015814
230.37263819368084
223.60193935632736
216.827759819464
210.0531993538825
203.28227372051492
196.51970428849936
189.77036980907465
183.03960404079615
176.33277601347254
169.65503641677833
163.01094112756857
156.4046549501403
149.84050799789307
143.3229448272537
136.85440132520827
130.43997165277446
124.082965741896
117.78760185424522
111.55855537366818
105.40013098363269
99.3152891117765
93.30939921300724
87.38776330630199
81.55269142602641
75.8074498191909
70.15557513712777
64.6009048103918
59.14702318551712
53.797676086241616
48.55633516067926
43.42888492309079
38.416805106156524
33.52366252838194
28.75258106348407
24.106914090124786
19.5898097767337
15.204505324813976
10.954321409922244
6.842948170136882
2.871979383493576
-0.9568152910015613
-4.640631116688611
-8.176912160424004
-11.56379738692061
-14.799154574015157
-17.882449788460015
-20.80851367488778
-23.577731386220307
-26.187528921192566
-28.633540527724097
-30.915436486882136
-33.031755981673165
-34.981105623610695
-36.76235699154621
-38.376954781483846
-39.823207739566804
-41.10040787740269
-42.20764691538852
-43.144010094150616
-43.90817632437672
-44.500219097734174
-44.920416563223554
-45.16803051189992
-45.24341510775763
-45.14635341019853
-44.877959750209
-44.437186798604245
-43.8251937762115
-43.04192121454841
-42.088253891444
-40.96539839048362
-39.67398455512608
-38.2150764567385
-36.58933263022167
-34.79792334466872
-32.84183726583253
-30.720157918580423
-28.435720373899887
-25.9904911619454
-23.387296638248188
-20.62562944241769
-17.70805293952879
-14.639050260808883
-11.41856226351804
-8.048474345548376
-4.532886914330903
-0.8737237385370723
2.928071487124505
6.868584730813526
10.943945530421697
15.151844696036173
19.491664081418108
23.958387747932687
28.549482861676793
33.26333890364648
38.09490392178652
43.04141117914659
48.09963245573836
53.26751712080829
58.53939487397858
63.91240540337313
69.38307702674678
74.9479891865765
80.6032950368088
86.34398416808
92.16594459014772
98.06527994321186
104.03806731977826
110.08042099456335
116.18842476654002
122.35778976922091
128.58396993112996
134.864456485244
141.19487796514534
147.5704650747086
153.98732893791248
160.44125245997333
166.92741031497476
173.44123174496136
179.97870799185807
186.53578123240862
193.10810826308614
199.69123620617358
206.28079123733414
212.87216497064352
219.4609529959139
226.04272463946478
232.61309435718016
239.1675540774345
245.70151726312324
252.21073935248367
258.69126362126667
265.1388488600241
271.5491369158501
277.91779107534217
284.24045194570255
290.5128751292957
296.7295775511103
302.88632380750624
308.9783652749191
315.0014732640265
320.95164682381676
326.824996602282
332.6190435011019
338.33030555761457
343.95484999209475
349.4887524192887
354.9263460372271
360.2644906112669
365.4996215470553
370.62825436096125
375.64694756715943
380.5523166116262
385.34089676877795
390.00950972746057
394.5548322413663
398.97413263734035
403.26625650975643
407.4278438522283
411.45600435339657
415.3479726411173
419.1010748516577
422.7124457595082
426.1799287188983
429.50100849447847
432.67378633474965
435.6960038403411
438.5655715361687
441.28049668191363
443.8389213118909
446.2376536767186
448.4754162672695
450.5513180278599
452.4638201648973
454.21144072395145
455.7929995739058
457.20734295001586
458.4537470599166
459.5312129155649
460.4392993197082
461.1769911246797
461.7439483189821
462.13980227898105
462.36442929143647
462.41733334501185
462.2986139277217
462.00825428599256
461.54650286195664
460.9134969021072
460.1096714049356
459.13572433934706
457.9922177744372
456.67992869307886
455.19989836176086
453.55469528099275
451.74458086315684
449.7701761052425
447.6321645367426
445.33333021202725
442.87494560835074
440.25849374713545
437.4857547172849
434.55848451003766
431.47892351366517
428.2491151580525
424.8712482328876
421.3475361454417
417.68034224851255
413.8698159747301
409.91897830491934
405.8310818338005
401.60914007449435
397.2561524061733
392.77498196244545
388.16858752281075
383.439866879339
378.591926239561
373.6280168357629
368.55166198535784
363.3661659680705
358.0753992018681
352.68427134503816
347.1945490208994
341.6106676822108
335.9357704201086
330.1737643156858
324.3283636011497
318.4034085442421
312.40409271168903
306.3345969347968
300.1990306300004
294.0016352502538
287.74648380891506
281.4377443053635
275.07957308258585
268.6760938897048
262.23148429248795
255.74994666844518
249.2359428484331
242.69402261754428
236.12881168045976
229.54479829843845
222.94654975482888
216.3384853791673
209.7251061379412
203.11094694671965
196.50000859784123
189.89654114247531
183.30496789009499
176.72960532515293
170.17480226142874
163.6447009921965
157.14467256851958
150.67951559185252
144.25365637527253
137.87202740496835
131.53778950139622
125.25492815395138
119.02770420753355
112.86040059847548
106.75715920065109
100.72199988446107
94.75916670225295
88.87266096029833
83.06509933318824
77.34211307957352
71.70819623877571
66.16756376269825
60.723835883363655
55.38133476680988
50.14324561122692
45.01329677866963
39.99326897242794
35.086232212578736
30.295691122787723
25.625348839844307
21.078750093124285
16.660197421990468
12.373191442067196
8.219858764594802
4.203481076924248
0.32604501860184854
-3.4098044929781284
-7.001311953251777
-10.44325854171191
-13.734416550882813
-16.874611711079872
-19.861102777898722
-22.691632165298557
-25.364055096129594
-27.874367403547485
-30.222163166515244
-32.40621285352465
-34.426289472349445
-36.28038915843616
-37.96509374773941
-39.481508983563586
-40.828432319642246
-42.004452263231556
-43.00855187196489
-43.839827325190626
-44.49780651237283
-44.979114942312975
-45.286751080435316
-45.41998623015013
-45.375982397253956
-45.15660716227642
-44.76247909289171
-44.191672202991775
-43.44768105575922
-42.53006134394433
-41.43918920497054
-40.175561960454885
-38.73988520788532
-37.130688674516435
-35.34928943091492
-33.399790293276936
-31.280304519053292
-28.993513592956496
-26.540882482429534
-23.92389393598656
-21.14625087585453
-18.20829283589169
-15.109909752660991
-11.85598197857852
-8.446210128276395
-4.8847281610060955
-1.17372343956666
2.684755954837891
6.687109797192396
10.832442171475792
15.11703730686303
19.536796720204627
24.08928846433666
28.773641058285712
33.58416064170135
38.519836744077
43.57706309966045
48.75261414166741
54.04433162438598
59.43910661789052
64.9268670812898
70.51874623965728
76.21181147187312
82.00053033717688
87.88051060253764
93.84797014537538
99.89896398769265
106.02951341815397
112.23572478347613
118.51367948029215
124.85906713177049
131.2673208483722
137.73542736267254
144.26000532420238
150.83572284685206
157.4584598734355
164.12365249424406
170.8264544607539
177.56223337418135
184.32713859513512
191.1170407390982
197.92740512854056
204.75364941368363
211.59103633654306
218.4349818941297
225.2808628485782
232.12403763384086
238.95973997098542
245.78329109873582
252.5904089857337
259.37682991725336
266.1380790470566
272.869090578809
279.5659463915055
286.2239695518329
292.83723979684373
299.4012004139209
305.91077499992457
312.3615302031089
318.7491214602776
325.06907379269677
331.3176460054681
337.4918145717388
343.58800327769217
349.60162963947226
355.5264884267106
361.35899075245993
367.09514312303367
372.73088660600274
378.2624238987347
383.68613148605465
388.9982777513529
394.19595225364816
399.27647843071617
404.23596437078913
409.07089164884826
413.7775434478058
418.3527859970313
422.7937757358088
427.0974280945454
431.2594008871873
435.27704714670875
439.14770231986734
442.8686288846379
446.437165860082
449.8507794251337
453.10697980201024
456.2033972552431
459.13810681467703
461.9089610242772
464.51379098830864
466.95079847749406
469.2180314456034
471.3139254041886
473.2367898489676
474.9851727385517
476.55792525011987
477.9537097742103
479.1714869828837
480.210310585119
481.06936947890404
481.7477984028911
482.24516978457666
482.56027295634397
482.69335636989655
482.6440850260451
482.41219884748
481.9977030400972
481.40067924927155
480.62152463230814
479.660640024702
478.5186901706471
477.1960704635363
475.6932851776816
474.0111013610474
472.15042277699285
470.1123966869447
467.8982617195557
465.5092832507173
462.94702306962904
460.2131972844812
457.3093785428131
454.2374318369501
450.99929311314037
447.59728752023886
444.0346560227305
440.31286994660917
436.433487916632
432.39962047370153
428.21341821459737
423.878035466068
419.3961432577522
414.77063576759537
410.0044632782468
405.0983481780985
400.05618424239447
394.88148128370113
389.5778303591379
384.148675735691
378.5974143293954
372.9275300025321
367.1426047404331
361.2463421371086
355.24266297613553
349.1371942394308
342.9318635172624
336.6324287977774
330.24136277677286
323.76309230170995
317.201665405191
310.5613064301147
303.8473769166973
297.06452586967947
290.2175011771485
283.310672302637
276.3484780305499
269.3353578755322
262.2756916354868
255.17396152484727
248.03482624606113
240.86322656149738
233.66408728114098
226.44224764515155
219.20258826707524
211.9498001417677
204.6886771748232
197.4240267614347
190.16017745357394
182.90181261194414
175.65376356795377
168.42072476662145
161.2074711897067
154.01993060609558
146.86202366066118
139.738982265353
132.65629605323412
125.61751262803365
118.62712826057134
111.68981371027378
104.81014427013
97.9924542475767
91.2415040800565
84.56179741406984
77.95631579212089
71.43256006551657
64.99498190195138
58.64663305796261
52.39247180037942
46.236948265264886
40.184830069865065
34.23790445206392
28.400382522911233
22.67620427607858
17.070097745264583
11.586441873868365
6.229698378292425
1.0023495348131994
-4.091761249006396
-9.0492215662157
-13.866124232915618
-18.5394722196148
-23.06592787492619
-27.440064885841878
-31.659668467038454
-35.72477793333109
-39.63162939637248
-43.374620405046926
-46.95504662224208
-50.369218359461584
-53.61437385939599
-56.685014788203695
-59.57963875942579
-62.29952782360242
-64.84218815870484
-67.20572952935488
-69.38823580756721
-71.38801169205199
-73.2035108468918
-74.83339725225333
-76.27641163897617
-77.52831166298736
-78.58912458269113
-79.4581855565945
-80.13843004997256
-80.62481962654104
-80.91780709725559
-81.02025904871066
-80.93079311446175
-80.64911646623246
-80.17500305024345
-79.50856902444282
-78.65031757288054
-77.59885919182379
-76.35723518377274
-74.92272866342456
-73.2968328622089
-71.48325457299602
-69.4823413086867
-67.29498597864091
-64.92224342021373
-62.36540912372054
-59.626045737863095
-56.70537809237569
-53.606033753407964
-50.329041611124104
-46.87736500749082
-43.252795877838814
-39.457125262336966
-35.49335023994988
-31.363276029888542
-27.067083206637665
-22.608806599144753
-17.99161928130045
-13.217772023943699
-8.290716224560217
-3.2147510964946373
-7.006968665522764
-1.958480545791608
3.2374610197969034
8.574739808693467
14.05123634225172
19.662847470029163
25.405009241916968
31.27720035424507
37.27457136923676
43.392934269001834
49.62908538876474
55.97873653670241
62.437617752226046
69.00239791988653
75.6664469535777
82.42476712636335
89.27303947459286
96.20741666175313
103.22370262623032
110.31736854517014
117.48370768433556
124.71796094558894
132.01541317205883
139.3710868093845
146.78159599204477
154.24311439515503
161.75041963831626
169.2982237389979
176.88120838014382
184.49452731445894
192.13343947903542
199.79257444870515
207.46740688099354
215.15299897250208
222.8445486736622
230.53713215932564
238.22576697801077
245.90528851080117
253.5705370739002
261.2167115819994
268.838789159956
276.4308925202147
283.98866413815955
291.50693450712055
298.9796750657963
306.40164123427945
313.76754068828495
321.07280646376626
328.31264737540073
335.48405142046335
342.5822716223165
349.60241883785136
356.53761125667324
363.3834853023512
370.13526379171077
376.7885200459596
383.3390574195974
389.78233999483587
396.1165026167898
402.33683411156403
408.43904027364886
414.4188122882885
420.2716998216844
425.99399567322723
431.58105097710177
437.0284956152901
442.33316336771196
447.49147453695235
452.4999263185937
457.35510226410906
462.0537266517554
466.5925071537895
470.9682930309642
475.17789906357757
479.21841918027206
483.08710137338835
486.78129253152076
490.2984882501794
493.6361642708413
496.79191742933494
499.76355241424216
502.54934306895996
505.1462932811084
507.553455503692
509.7687819277651
511.7906755928414
513.6176851433145
515.2484592572495
516.6817973491287
517.9165424525661
518.951682105276
519.78637900882
520.4197948942183
520.8514555238589
521.080773759015
521.1075184064537
520.9316113927716
520.5529043164519
519.9714725205373
519.1875193431315
518.2013156689804
517.013366619564
515.6242009032876
514.0345440835405
512.2452559358715
510.25739304138995
508.07208474075117
505.6905678930352
503.11436076132526
500.3448805014971
497.3837539134474
494.23283424289195
490.8939176533632
487.3689749329639
483.660116368467
479.76980502316883
475.70064894427236
471.45502696163817
467.0355855310362
462.44505047556953
457.68627318885206
452.762154627966
447.67589707196123
442.4322516358875
437.0335865222679
431.4835303168938
425.7851002147438
419.94213970560725
413.95838613439247
407.8369096189277
401.5803588096421
395.1934042476588
388.68039545830095
382.0456147069256
375.293244039067
368.4275758465242
361.45283671244357
354.37351963596427
347.19591321644873
339.9241834881968
332.561594121335
325.11335127759725
317.58398203433455
309.97812914734317
302.30082511156536
294.5584648127531
286.756030306574
278.8985392621773
270.9909247775273
263.0379054743463
255.04462262888836
247.01626154091625
238.95824262465862
230.87599011384756
222.77487818098112
214.66027755788514
206.53734926222452
198.41142940444627
190.28734255027905
182.1701185648108
174.06502669143472
165.97755724744204
157.91311122573543
149.87750170880744
141.87489158739734
133.91127054626057
125.9928456824815
118.12374271715383
110.30877208585368
102.55212642670283
94.86112597563428
87.24014001559877
79.69368563913469
72.22527752169296
64.84288286628176
57.5492654867459
50.35139309985301
43.25353563189731
36.25968020327976
29.375888922867404
22.605087296659818
15.951388597417923
9.420465658918511
3.01669128776513
-3.2563794124693377
-9.39423735345676
-15.390368443389177
-21.24119414808025
-26.945573869583402
-32.496570402292996
-37.89375072280774
-43.132322957170274
-48.20894905709662
-53.11992992790357
-57.858841884872
-62.423077968705016
-66.81296392804099
-71.02499346817123
-75.05621988898392
-78.90369627770035
-82.56464843639269
-86.03647356978962
-89.31331107430631
-92.39383615221243
-95.2762823147339
-97.96279783946889
-100.45045141209235
-102.73700483747626
-104.82052907414362
-106.69933368152515
-108.37201657300598
-109.83737829187089
-111.09420645879389
-112.14205502454791
-112.98004783474964
-113.6077095786383
-114.02430515627952
-114.22915039300202
-114.22220029430788
-114.00313322266953
-113.57191403979702
-112.92857714047184
-112.07361387685185
-111.00742546764005
-109.73054891898911
-108.24363677151867
-106.54752260812084
-104.64314591616157
-102.531510223441
-100.21393187506034
-97.69173850965177
-94.96646138574438
-92.03972577274708
-88.91329707828817
-85.58898497391972
-82.06884231447039
-78.35475047605586
-74.44918829238127
-70.35336400335908
-66.07016042459345
-61.60268586205363
-56.95328516638256
-52.126218939690105
-47.12428806269005
-41.950514960258694
-36.6091596999945
-31.10272993291127
-25.43301432388734
-19.604429324426523
-13.618863080144365
-7.4817997457755405
-1.1974042072704028
5.230098239398631
11.797208146336603
18.499105798009637
25.33028645878072
32.28773279082529
39.36523169876142
46.55978361704445
53.8672833714248
61.2844940128649
68.80532592433335
76.42348315272936
84.1355804161101
91.93520469192245
99.81707165408096
107.77611007691304
115.80713206535023
123.9049597421264
132.06448646595186
140.28020614159686
148.54815140403096
156.86385016862843
165.22160007490768
173.61538352091745
182.03952894601466
190.48892838180296
198.9584791382629
207.44270844115394
215.93594309767397
224.43270958264762
232.92745755171072
241.41459506105625
249.8883839522428
258.3434748632501
266.7747049473221
275.17671695357683
283.54393760617614
291.8708710060503
300.1513170042621
308.37980970928174
316.54989100274076
324.6558059466755
332.69290772321216
340.65782781729246
348.5450605262802
356.3473521611401
364.05981924615855
371.6771877220452
379.1944064479072
386.60658771401233
393.90867839143175
401.09818002063685
408.16975785475546
415.11859457734914
421.93970445760084
428.6286765436174
435.1810866193299
441.5909363373976
447.8546546063052
453.9683521706097
459.9279748109325
465.72956913479345
471.3690648499092
476.84257351249244
482.14628478805946
487.2765716341692
492.2301396291907
497.0036773648875
501.59399509631254
505.99801216371685
510.2127149287745
514.2353080023056
518.0630646279128
521.693382306631
525.1235964359456
528.351379384527
531.3744482304627
534.1907987288812
536.7984371868392
539.1955389655193
541.3805684617604
543.3517773275538
545.1077032193117
546.6470188684615
547.9685619387003
549.0715495135281
549.9550628612823
550.6183270406933
551.0607663510973
551.2820604681867
551.2818577252915
551.0599779672176
550.6163701310724
549.9511672392074
549.0646400233408
547.9572634108542
546.6296367230738
545.0825099960973
543.3167747067786
541.3334843382908
539.1338085694415
536.719023764059
534.0905594042576
531.2501210768181
528.1993298428539
524.9400137003173
521.4741318589508
517.8038682526279
513.931527378072
509.8595299689188
505.5903966625369
501.12693515355977
496.4719290141237
491.62821120300134
486.5987839420622
481.3868305587673
475.9956744178265
470.42872193696167
464.6897272106712
458.7820168727559
452.70944957007026
446.47764779050834
440.0884733198404
433.54748355503017
426.8582391724529
420.02539279970495
413.05323741640495
405.94388326560176
398.70267960885707
391.3347190991778
383.8449883518889
376.23831405944077
368.5195037070255
360.6934116602038
352.7658166826475
344.74264555469796
336.62872571892717
328.4277444086653
320.14534774138957
311.7867253332281
303.35734463152403
294.8641882285256
286.3127473930544
277.70851436401176
269.0567808551149
260.3628856575197
251.63224891136167
242.8705642327561
234.0838312219756
225.27803774529153
216.4590929655949
207.63265795067625
198.80439510754914
189.9800324713292
181.1648196222036
172.36435179240098
163.58407234595623
154.83008165368733
146.10795306201703
137.42417329976925
128.78508206765622
120.19513136612723
111.65969515232565
103.18424881488116
94.77387028876507
86.4347186959901
78.17223547864677
69.99030370093023
61.89615020838621
53.897256811597074
45.996475796143116
38.19972581440218
30.512491227289225
22.940656608062138
15.488566046218928
8.160418669742944
0.9607567124829642
-6.105577220954637
-13.033518348099356
-19.816899177188233
-26.4528255330879
-32.93667118162
-39.26406933738711
-45.43087093638993
-51.43292466466788
-57.266434491842375
-62.92475147192258
-68.4070771284345
-73.70983141404128
-78.82931751509116
-83.76197893764574
-88.50436802563559
-93.05320120835518
-97.40201923438963
-101.55284978842161
-105.50201463579991
-109.24666840847358
-112.78422108655151
-116.11189969381107
-119.22757256523623
-122.12919917017256
-124.81483804026108
-127.28282379424378
-129.53135642875998
-131.55885751209277
-133.36395660856724
-134.94527078385983
-136.30163054703104
-137.43204415892313
-138.33573277951507
-139.0118937582729
-139.46013889509425
-139.68000866405015
-139.6713185019764
-139.4340100402924
-138.968155861749
-138.27387593877341
-137.3515036583161
-136.20148315847283
-134.824436651018
-133.2211536602345
-131.39254946579317
-129.33963186308162
-127.0638903466868
-124.56641813429923
-121.84582152768895
-118.90587486793264
-115.74879974008101
-112.37965957302771
-108.79842819481446
-105.00419420733897
-101.00076989468286
-96.79076477859653
-92.37974059753995
-87.76887126721509
-82.95946418578295
-77.95480961822412
-72.75856292773437
-67.3741102761608
-61.80540074463068
-56.055080266427844
-50.12817390654895
-44.027079502058385
-37.75693163214302
-31.321580155174622
-24.724748542565788
-17.97034193996498
-11.060289725053607
-4.000635136741305
3.203496770678938
10.546754486389352
18.024917428486262
25.631508923066033
33.36300829226839
41.21494845760697
49.182453058079446
57.260754547926425
65.44175680521121
73.72158887728469
82.09633221000523
90.55886772527187
99.10342846512636
107.72437930871065
116.41614338906132
125.17322280847108
133.98984736603765
142.86009347270846
151.77949786863138
160.742666528249
169.74373904015528
178.77623655624132
187.83469588229218
196.91345745444812
206.00659589221246
215.1080621997859
224.21198998978224
233.3123772024438
242.4031541998273
251.47818359865104
260.5318041931815
269.55843907345377
278.5517038211896
287.5064073451114
296.4164211335236
305.27488983454
314.07510985982105
322.81108377055904
331.47704467026165
340.0693135849825
348.58217390704175
357.0080801777246
365.34179777936924
373.57757517112
381.71005313592303
389.7342225466216
397.64592902111673
405.4403686841451
413.11216596514424
420.6555076297567
428.06587570116955
435.3371915178788
442.46459366324115
449.44351721052345
456.2702040897306
462.93922746420185
469.44633049995207
475.78727579780934
481.95759993110363
487.95312263975296
493.7697504904048
499.4036985516466
504.85108490058667
510.1079808483318
515.172019350041
520.0386988645482
524.7050896882985
529.1681204728009
533.4246344511516
537.4718650537883
541.3069354652965
544.9272318729388
548.3302204348137
551.5135241396355
554.4749311365265
557.2123707636532
559.7239150016034
562.0077981128236
564.0623963885863
565.8862253548216
567.4779514544902
568.8364238532779
569.9606334385859
570.8497752712474
571.5031331914909
571.9201897101693
572.1005174283491
572.0438718062361
571.7501231284583
571.2193546812521
570.4518414890897
569.4479542838397
568.2081952927535
566.733240442236
565.0239620249068
563.0813830325397
560.906682001427
558.501212154454
555.8664477425727
553.003945437347
549.9154827193353
546.6029820074035
543.0685219469567
539.3143581305818
535.3429247871437
531.1567188049543
526.7583901478869
522.1507470157054
517.3367015330382
512.3194092515779
507.10193129412716
501.6875973544348
496.07991053875065
490.2826127837065
484.29908356921004
478.1332752343411
471.7892880636304
465.27092585673967
458.58242671223525
451.72851638862204
444.71481097650644
437.5441566741852
430.2221934532923
422.7534959415443
415.14293115650224
407.39313991681104
399.50986157803413
391.4986182830347
383.3648529144445
375.113862683993
366.75093520213335
358.2813638706232
349.71222563140157
341.0486476424736
332.2948089454036
323.4567753215198
314.54012129937644
305.55117814059275
296.4967726454315
287.3828095782583
278.215103082353
268.9994304381697
259.741538826388
250.44722428509155
241.12255693863864
231.77385696362612
222.40754881651097
213.02997793346935
203.64711108171653
194.26524082123697
184.88994766977166
175.5272119077219
166.182916679168
156.8632143184188
147.57428149978975
138.32196979875246
129.1138580319465
119.9551960993621
110.85171597077898
101.80934549227872
92.83398002430691
83.93139218596522
75.10712321177817
66.36548559863726
57.71426101022646
49.16029498508953
40.70947382390424
32.36686156695262
24.137581596920633
16.02653973767951
8.038966283599823
0.18164267270997025
-7.53938058048366
-15.120262683726388
-22.554910576055423
-29.840204687376144
-36.97077799951603
-43.94102080056699
-50.74737351953058
-57.38472238323236
-63.848424299438484
-70.13466867191998
-76.23910438511984
-82.15470458974319
-87.88070031532605
-93.41309379013354
-98.74839270196321
-103.883033615881
-108.81328640709178
-113.53586190547227
-118.0475480980674
-122.34557957168167
-126.4269688110329
-130.289131876048
-133.92954893245943
-137.34242874340902
-140.5313909729026
-143.4924287383711
-146.22271529036806
-148.72024286306927
-150.98319882651512
-153.01002396574114
-154.79935626763637
-156.35009790855838
-157.66115140178565
-158.73133353844736
-159.55986756502935
-160.14640451071222
-160.49013062392515
-160.59095624606059
-160.44864512822832
-160.06316212938825
-159.43468790607042
-158.56353434380225
-157.45012204923316
-156.09508549240616
-154.4992030412375
-152.66325154530844
-150.58846634726413
-148.27585723232852
-145.72697084622058
-142.9400699418727
-139.92259589010632
-136.67468461355335
-133.1978617283797
-129.4940811335938
-125.565351521632
-121.41452119815501
-117.04397105172472
-112.45636471503488
-107.65456508364386
-102.64034471926495
-97.41842831806626
-91.99178907476862
-86.36404380988591
-80.53736242749991
-74.51598448047326
-68.30434738559181
-61.90622423227211
-55.32784786260887
-48.57172037063635
-41.64230693743348
-34.54482223464137
-27.283127041848562
-19.85933455641328
-12.279004942791413
-4.5483145967095515
3.327201885837992
11.343257867351712
19.494865264369064
27.774430254605956
36.17815803126893
44.702437934381635
53.34036290452068
62.084325154042936
70.9312635518169
79.87450714437502
88.90725419998266
98.02335377674648
107.2170035504829
116.4823368915264
125.81341959897843
135.20385754027075
144.64876400473355
154.142487609459
163.67887228823545
173.25111426557112
182.85246365109427
192.47724217024376
202.11937465936228
211.7725482519953
221.430532738018
231.08692086069485
240.73526463370183
250.36912457446292
259.98252615443073
269.56926026387293
279.12216141600226
288.63537126030303
298.1020029494163
307.5153732280689
316.8687041419149
326.15575517753604
335.3723836485699
344.5125376532459
353.5685523360283
362.53474508430895
371.4047776149509
380.1725209215907
388.83231231701814
397.3807315980249
405.81166193323594
414.119379954208
422.2976343721901
430.3415866964194
438.2439038543973
445.99992795081874
453.60489046241685
461.0537104593249
468.3414504861379
475.4632115321598
482.4141420804473
489.1895512188345
495.7849783516872
502.1957838760114
508.4177418110637
514.446608075193
520.2784657369672
525.9093202794028
531.3353472220674
536.5530016235244
541.5586094066285
546.3487421803538
550.920122503672
555.269599335888
559.3941792182717
563.2910206976414
566.9574558695256
570.3909179746714
573.5890008411654
576.5494535622153
579.2701610295205
581.7491712671277
583.9848416026373
585.9754569004044
587.7195097738446
589.2157172733656
590.4629946975691
591.4603862531294
592.207062108586
592.7023159380576
592.9456852947981
592.9368603388838
592.6757153355028
592.1623502499377
591.3969374589369
590.3798445589554
589.1116149444732
587.5930067475199
585.8249147070608
583.8084777622126
581.5448669774611
579.0355391054331
576.2819265101989
573.2857218776101
570.0487857997335
566.5731496656111
562.8610078668181
558.9147186749841
554.7367940614394
550.3299053251609
545.6969232509445
540.8408885084962
535.7648572713684
530.4719713693652
524.9655444308924
519.2491589451589
513.3265028451425
507.20140581987624
500.8778351924066
494.35976818918385
487.6514536551451
480.7572570318882
473.6814821370863
466.42876843615596
459.0039636260208
451.4116181027347
443.6584031976435
435.7481178990598
427.6863954911906
419.4781856727274
411.1265952645563
402.6375214254905
394.01699025808927
385.27100427984885
376.40529860181994
367.425568530818
358.33757569777606
349.1487564565964
339.86466282714287
330.48985980649144
321.0307221381036
311.4931697015054
301.88469398422643
292.21177023450934
282.48090370716284
272.69827764555794
262.87014761109646
253.0028267562753
243.102495079103
233.17575253016452
223.2294189692939
213.27025171188055
203.3048205753866
193.33979449520828
183.38116177768177
173.43519614147996
163.50805587902582
153.60701500567043
143.7395274371664
133.91145291942598
124.12846426423748
114.39675401587144
104.72257555022523
95.1123566431648
85.57269238078642
76.10885101429992
66.72867102173494
57.44031948437381
48.247320708283105
39.157815741932545
30.176236593440034
21.308235238701446
12.5593271315814
3.9368326047715194
-4.552473708187717
-12.90417099498333
-21.109967094446617
-29.168027215740715
-37.07229158497631
-44.81741688385372
-52.39802877048443
-59.80902303044105
-67.04529639368808
-74.102027077336
-80.97473466334034
-87.65887528136541
-94.15001310309262
-100.44382808903836
-106.53601095478818
-112.41900752342667
-118.09260963111977
-123.55250546086904
-128.79534336736222
-133.817656409909
-138.61282606011923
-143.18403425250543
-147.52596692469754
-151.6349362505685
-155.50796029917484
-159.14218723724915
-162.5349116595692
-165.68404011876422
-168.58769602217717
-171.2437467772949
-173.64666416730066
-175.79844386288596
-177.6973794571283
-179.34249579976358
-180.73251664750487
-181.86575509240032
-182.74123294171483
-183.35847620174238
-183.71723136341888
-183.81738057319959
-183.6587973299995
-183.24140098971864
-182.56523030165584
-181.6303814252034
-180.4339940874001
-178.98326329519477
-177.2771071937164
-175.3158314922464
-173.10027778647998
-170.63153772076345
-167.9111062659997
-164.94060500959668
-161.72187164012337
-158.25710092309956
-154.54817160908826
-150.59757696038488
-146.4076895097415
-141.97723460646924
-137.314564741015
-132.42115700085168
-127.30008392146232
-121.95417546291777
-116.38641595674014
-110.59924278351117
-104.59613752992279
-98.38251755615259
-91.96211122641354
-85.3375777667557
-78.51440519030956
-71.4971153320309
-64.29032475148585
-56.899426445221536
-49.328558459124494
-41.58274633998393
-33.66717244090042
-25.586665574864178
-17.344892304856604
-8.946005788001166
-0.39712582628990845
8.2959382903176
17.127107926372485
26.089871867920134
35.176757702971884
44.38547528283444
53.70993135246464
63.14312807484832
72.67894604258929
82.31102721223942
92.03245464773651
101.83673646388999
111.7175259352796
121.66857733535963
131.68307120092126
141.75570247427862
151.8805948346453
162.05075073658605
172.25906029993507
182.49835799213957
192.76255149293092
203.0451387889229
213.339320435894
223.63854924531464
233.9360539026839
244.22496106335032
254.4986352136622
264.75059199525055
274.974006290964
285.1621798775256
295.3070969896
305.4021212981401
315.4397653178447
325.4132207639625
335.3179085853358
345.14711539926316
354.89298728231495
364.5494151210873
374.10937628122053
383.56651934549234
392.91542742944546
402.15117590453286
411.26728502080823
420.25708763692694
429.11423898808016
437.83229172614284
446.40562898554197
454.8286602138663
463.0959411196707
471.2018921638062
479.1410204560384
486.90789698632784
494.49720523094845
501.9038582036838
509.12294816276113
516.1495994989835
522.9791450075014
529.6068786379888
536.0283018971598
542.2390284932527
548.2348331984533
554.0116354720393
559.5655198639602
564.8926764925654
569.9894292871041
574.852263123498
579.4778093302725
583.8628647949942
588.0043303734408
591.8992901668083
595.5450189256297
598.9388657388369
602.0782747578157
604.9609048094358
607.5847392506355
609.947883981916
612.0485629909693
613.8854601830172
615.4568083544685
616.7613602596327
617.7980748453124
618.5660498608003
619.064553630752
619.293135773018
619.2515468326951
618.939634780316
618.3575321767296
617.5054440902586
616.3838390148279
614.9933096803796
613.3346409693202
611.4087744165695
609.2168820912314
606.7603116084778
604.0406169902433
601.0595179760494
597.8189046314092
594.3208429080186
590.567514077798
586.5613048049979
582.3047759590452
577.800648548492
573.0517808528094
568.0611796966725
562.8320360669916
557.3676847233909
551.6716217190312
545.7475133335173
539.5991335147467
533.2304077406309
526.6453896363662
519.8483080763423
512.8435964616259
505.6358195824253
498.22951819934707
490.6294385645597
482.8406117174653
474.8679886237356
466.71663985567756
458.3919069356925
449.900813421942
441.2481704392085
432.43914516872354
423.47962609090547
414.3753215855852
405.1299445313054
395.75047001878244
386.243319080365
376.61485167800106
366.87128463031223
357.0188981643592
347.065633348782
337.01749967769825
326.8797086669432
316.6588646131972
306.36211409609706
295.9971083469283
285.5707051890873
275.08964108589026
264.5603470061124
253.98966493030204
243.3843311883456
232.75137360941886
222.09806275810814
211.43163389576202
200.75903184022656
190.08742799603806
179.42325617161808
168.77324005556437
158.14479500913953
147.54452518684604
136.9800082290776
126.45906139256199
115.98733999502379
105.57025190130595
95.21712754478801
84.93391951000115
74.725791672838
64.60115204831536
54.5672224069362
44.63126678267278
34.798446059767834
25.074901084102947
15.466370469581106
5.9810289798085075
-3.3753234521823487
-12.593350923424012
-21.669932135347107
-30.598541315510843
-39.37325860463023
-47.985567474456566
-56.4335992195081
-64.71049965628511
-72.81091477747573
-80.72935342968027
-88.46055787381475
-95.99942810004784
-103.34082536472945
-110.47971291552878
-117.41165439089261
-124.13174705806115
-130.6349607021228
-136.91487323716277
-142.97324415003317
-148.8039983354571
-154.40058047228737
-159.7622763606329
-164.88427061122573
-169.76265044117028
-174.39415073580307
-178.77571712200316
-182.90448536649023
-186.7777366470971
-190.39289507363335
-193.74758084514036
-196.83963110575735
-199.66696586645497
-202.22760068594593
-204.52006822642178
-206.54263899553666
-208.29391924014064
-209.77041885656908
-210.97723178690364
-211.91794186104275
-212.58602802334494
-212.97847775326377
-213.09423596737798
-212.9309105571134
-212.49709086478074
-211.78916581981196
-210.805441148046
-209.545834734971
-208.01089110458355
-206.20138618191217
-204.1182984542597
-201.76273893017282
-199.13601544474756
-196.23950558875094
-193.07506500356752
-189.64433451663677
-185.9489842121132
-181.99186448295768
-177.77498531665185
-173.29854417610443
-168.57190312675047
-163.5952598102286
-158.3706812601176
-152.9009884641081
-147.18958710791551
-141.24005391512307
-135.05597406630685
-128.64180790558834
-122.00137690650166
-115.13730335589125
-108.05379452058116
-100.75714288178575
-93.25004788800914
-85.53825026162558
-77.62753216194356
-69.52247273199019
-61.228837427299574
-52.75198176815514
-44.09753135414595
-35.270795713715835
-26.27803220392528
-17.122503243175412
-7.811847337575151
1.6499586495212084
11.255255747569459
20.996323701572365
30.86784447421594
40.86518236496753
50.981623147229094
61.207994905787594
71.53890414664606
81.96892723760024
92.489613416823
103.09368323004924
113.77415853445754
124.52415779585775
135.33631005850592
146.20528247112028
157.1234568328116
168.08414996011658
179.079652394678
190.1031823203735
201.14766666968686
212.20585317793785
223.27055051784234
234.3344691196183
245.39020882807836
256.43076550027246
267.44912232758134
278.43716542244204
289.3884933750551
300.2944701040223
311.1473170926981
321.93951871382365
332.6647163693451
343.3175291583848
353.8904547523707
364.3749469344288
374.76390264155106
385.050083778458
395.22922150128795
405.2941409256289
415.2376271928219
425.0532773808952
434.7328347603109
444.2703530480402
453.6596958757097
462.8948874207662
471.9696476908984
480.8780202717613
489.6139349938998
498.1714558632772
506.5447218500275
514.7280745470752
522.7158409420069
530.5032167486415
538.0844227909089
545.4544928301946
552.6084252155302
559.5413478277266
566.2485294150252
572.7254202693771
578.9675608544329
584.9706108692169
590.7304189358318
596.24297804362
601.504455081694
606.5111380100004
611.2594462897857
615.7459047633016
619.9670217077609
623.9197139247476
627.6047407623778
631.0148586083192
634.151874773941
637.012651737839
639.5951430874679
641.8973413690819
643.9175580627001
645.6542365031049
647.1061686008028
648.2722565232259
649.1516085857527
649.7433630279269
650.0467994638236
650.0616620651143
649.7876969623356
649.2249341630163
648.3735295812236
647.2339363636477
645.8066515177233
644.0925389757963
642.0925410259479
639.8075632614605
637.2354530959171
634.3785160381152
631.2423512498806
627.8246279314144
624.1284935537193
620.156375946068
615.9110227905508
611.3952436237814
606.6119407589183
601.5642324996418
596.255417471734
590.6889165424509
584.8682958905116
578.7974606519264
572.4802695437128
565.92079713318
559.1232375958684
552.0919315194863
544.8314276094827
537.3463894310173
529.6417307526075
521.7222017687819
513.5929054272837
505.25900949750354
496.72584964764786
487.99891047790834
479.08386365859616
469.9864792522799
460.7127128774187
451.27033548322163
441.66471663213497
431.90173938197916
421.987674509134
411.9288428245193
401.72980295738193
391.3980171048891
380.9405088469623
370.36418257747414
359.67589008181807
348.88293613769673
337.9934586947402
327.0128569314561
315.9482644365831
304.80774104185906
293.5987752879347
282.3288404879145
271.005332623759
259.63538479742596
248.2261770723362
236.78530508359913
225.32054794645492
213.83955906356087
202.3498908275822
190.8587468745585
179.37338274610934
167.9010784252519
156.4495682662501
145.02629961662285
133.6399613140134
122.29696645114136
111.00381817430392
99.7700857391101
88.60226080521616
77.5071220567682
66.49029235683442
55.56108295561151
44.72877330015203
33.99820141082336
23.376471575157247
12.871101152591887
2.4889827645861446
-7.762901971834649
-17.875522130277904
-27.84483625071296
-37.66324987405243
-47.32157518496295
-56.81667821883106
-66.14178129576644
-75.29046254986935
-84.25671557056845
-93.03440485012293
-101.61778147338256
-110.00102652644927
-118.17875872787577
-126.14537974790683
-133.89580501121193
-141.4247638531882
-148.7270964750309
-155.79798112405675
-162.63280405398064
-169.22680794362745
-175.5757514604817
-181.6754719727277
-187.52210615261825
-193.11186831080596
-198.44075689636955
-203.50636426275395
-208.30252205328495
-212.83138373487813
-217.0917926318538
-221.08114177751733
-224.79653384828092
-228.23529990550423
-231.39494246825709
-234.27313464718597
-236.86789598529626
-239.17741677436325
-241.20009257390114
-242.93443676787686
-244.37918580821574
-245.53323029309132
-246.3957191503077
-246.96598026027053
-247.2435382600324
-247.22810819772843
-246.91961180065485
-246.3181926304479
-245.42416946323635
-244.2379757889642
-242.76033952171437
-240.99218670495998
-238.93450772274042
-236.59039938212032
-233.95616508250683
-231.03610278225352
-227.83567656800713
-224.3490665339471
-220.58360861793503
-216.5367803340499
-212.208756603937
-207.60142835949273
-202.71771495570582
-197.56052123372626
-192.132924309177
-186.4385634247081
-180.47810658330906
-174.26171421891874
-167.79074377989753
-161.06831111572697
-154.09870554754002
-146.88589332826075
-139.43415399608256
-131.7485883978296
-123.8338316607274
-115.69306366519812
-107.3321019927964
-98.75675726270732
-89.97303113429055
-80.98675845866234
-71.80366858467225
-62.43090745466731
-52.87393769560701
-43.13943896590306
-33.23277140958537
-23.157216303804674
-12.922041509184076
-2.5322794718169757
8.00397377727619
18.679664482813457
29.487274562972036
40.42213898965951
51.47549546429094
62.64084308093216
73.91110236495757
85.27988556011853
96.73815414959353
108.27793959219942
119.89160175997493
131.57167913071368
143.3112809520043
155.1025115698151
166.938256073376
178.8102874213969
190.71111570538724
202.63310272324398
214.56831562434536
226.5089333487882
238.44715913629224
250.37537258475922
262.28614871087126
274.17124651659924
286.02292999347145
297.8326713064305
309.59174034591285
321.2917859437088
332.92676686178794
344.4875540697649
355.9675477744826
367.35892084298456
378.6534648837361
389.84496703252114
400.92651554809004
411.89051860521306
422.7294179622726
433.43440851867194
443.99927756175214
454.41685020179915
464.6802436985328
474.7826285861724
484.71723242358195
494.47752802845685
504.05670633643166
513.4483222531186
522.646030959109
531.6436245756473
540.4350666927636
549.0144508470091
557.3759914786815
565.5140067721476
573.422935610392
581.0974592580498
588.5322671506732
595.7221972078597
602.6622089600492
609.3474480201879
615.7731915416789
621.9349842402412
627.8321707354637
633.459257210494
638.8118188268483
643.886063136605
648.6783350375704
653.1854365386844
657.4044321306022
661.332536648698
664.9670472556553
668.3057847747131
671.3463495339668
674.0866035703466
676.5246180750927
678.6582799466994
680.4857526056804
682.0059582114804
683.2180212288719
684.1205938534329
684.7126896914461
684.9937589841828
684.9633701088059
684.6212078459058
683.9672540651644
683.0018652004587
681.7254078784003
680.1384149898449
678.2417664891041
676.0365846037405
673.5241801881236
670.7060506066866
667.583773063639
664.1592016219599
660.4302303429698
656.3995727191818
652.0698079770224
647.4440058763253
642.5291581485716
637.3238832846771
631.8322734041801
626.0578806560005
620.0046557576561
613.6766781448844
607.0782518961606
600.2138053958798
593.0878497319823
585.7050210160295
578.0702353116761
570.1884020236251
562.0645574358998
553.7038737362623
545.1117689853553
536.2937776047816
527.2555607539082
518.0029520430909
508.54195770530646
498.87868769321136
489.0192701332982
478.97017556591476
468.73779510343627
458.3290206592134
447.752133409681
437.0130677565909
426.11890037272497
415.0764945726566
403.890743912431
392.5698521282278
381.12144130384763
369.5531184285271
357.8724558759197
346.08858784121287
334.2074641062502
322.23707548766527
310.18481680851784
298.0597074776544
285.8698011224791
273.6231458893475
261.32752756148545
248.990872282899
236.62124715569206
224.2269824819132
211.81638321617515
199.39759709119647
186.97889163097676
174.56756429666777
162.1715933560492
149.79983850566322
137.46084059563879
125.16190400687101
112.91094546707347
100.7160111854306
88.58517141961957
76.5260967931063
64.54500647974277
52.65248069759323
40.85534061484633
29.16163074232296
17.579961411873835
6.117611365611531
-5.217924457451438
-16.416451784254285
-27.473236143509208
-38.38018347874323
-49.13000940616763
-59.715425320118385
-70.12936222796661
-80.36395153669562
-90.41370489413399
-100.27172523798403
-109.93135765946177
-119.38563857493789
-128.62884430538725
-137.65480192189935
-146.45751609710618
-155.03111809967297
-163.37005944128825
-171.46880044656373
-179.32206158083827
-186.92473588223584
-194.27185759205935
-201.35835685321774
-208.1776756381828
-214.7305216453769
-221.01435051976244
-227.02514436426043
-232.75872306185414
-238.21103660362118
-243.37821385118528
-248.2566733783732
-252.8430183914518
-257.1341764096583
-261.1272996811432
-264.8197018885781
-268.20884048556906
-271.29237919920445
-274.06809609553454
-276.53401737193036
-278.6883197482806
-280.5294879995203
-282.05621642747906
-283.26746656483465
-284.16237143048113
-284.7402641515647
-285.0006104531929
-284.94312358974713
-284.5678031608425
-283.8746623046572
-282.86400985570026
-281.5364727497387
-279.89285155848813
-277.9341269988785
-275.6614513101846
-273.0761914089161
-270.1799768950236
-266.9746268438839
-263.46217018870857
-259.64479331973763
-255.525082601988
-251.10585303145004
-246.39017261671083
-241.38145668658663
-236.08490566591604
-230.4966530552254
-224.6230296768759
-218.46291154371457
-212.0179753810324
-205.2921172868113
-198.28928014124486
-191.01454832662515
-183.47178415072491
-175.66696782470828
-167.60427633962033
-159.28853572898916
-150.7231756239643
-141.9169108580607
-132.87448056163225
-123.6007131159232
-114.09954458600494
-104.37821687009662
-94.44369629293494
-84.30272882443909
-73.9622407645435
-63.42881769402846
-52.708964988137225
-41.809921301484074
-30.73891582634972
-19.49987318912949
-8.10264650198597
3.4469715040182334
15.14118036155324
26.970211458485412
38.92914206022062
51.00844389985229
63.20110658878767
75.49942128137074
87.89629728120383
100.38200981842219
112.94790760760516
125.58560538563053
138.28666604514112
151.0440955138936
163.85015983446525
176.69588109175746
189.57310431976933
202.47352479832657
215.38851186069078
228.3094752254132
241.22783008174474
254.13534479928103
267.0238509065374
279.8849490155488
292.70899412004604
305.4874917725392
318.2110730966751
330.87275197535655
343.46476586378515
355.978710555521
368.4043233083387
380.7328500347889
392.956800296438
405.0701398428111
417.06397447355636
428.9292850021628
440.6582636527213
452.243325778427
463.6767140069839
474.9508446463588
486.0582809277568
496.9914227426517
507.7429384593953
518.3055088486972
528.6719878999821
538.8353617270235
548.788770231789
558.5254935456267
568.0389848575652
577.322803490095
586.3705702022609
595.1761706140447
603.7334838782101
612.0365250783267
620.0794497404145
627.8564929898063
635.3659994655936
642.6016114172448
649.5579131877855
656.2297848887141
662.612956894514
668.7036524341605
674.4976037894056
679.9906148601498
685.1791532872782
690.0596074924048
694.6288723912994
698.8835417598708
702.8206689318416
706.4376353128193
709.73167376512
712.6963773174293
715.341029747824
717.6545022455543
719.6443507538012
721.3043241354533
722.6307477388675
723.6219442712223
724.2779378936166
724.5974573795364
724.5803820342388
724.2265369187911
723.535942701542
722.5088540938036
721.1454600126978
719.4460713551647
717.4121926790795
715.0442721875917
712.3445574765944
709.3134800358249
705.9557634693264
702.2715564547937
698.2629827011973
693.9316751048634
689.2804488335561
684.3117261150442
679.0284148281804
673.429431471176
667.5188176772577
661.3007996504003
654.7799797563123
647.9608628685205
640.8478074403815
633.4452265083429
625.7578123801712
617.7905194967273
609.548641760816
601.0376679449377
592.2632712180446
583.231295220346
573.9477533009917
564.4186122630554
554.6499448697062
544.6480806753635
534.4194084798845
523.9705219441857
513.3080500182757
502.4389729764471
491.37019532175464
480.10890743722035
468.662613148492
457.0403493955189
445.2489313056145
433.29579150946955
421.18853419426983
408.9326986722233
396.5371268971722
384.01039460145034
371.3609205635495
358.59702102973125
345.7284280277898
332.7615548161882
319.705084876203
306.5683168556658
293.3596787262442
280.0882363111851
266.76245116973854
253.39112375633664
239.9830029325006
226.54708048415714
213.0923209371981
199.62767809878275
186.16181317774422
172.70271970382348
159.26013285242917
145.84255362745915
132.45964729270392
119.11921672260833
105.82971816324293
92.59969826485747
79.43803240703332
66.35187937592313
53.35224935801154
40.44612601018253
27.641718971356497
14.948532464258644
2.3752337178838903
-10.070192716380598
-22.3785201288103
-34.53903314165556
-46.546653751999145
-58.390111809185
-70.06543168765697
-81.56387906032492
-92.87754048940869
-103.99894813366707
-114.92048091429248
-125.63160431165124
-136.13123627717866
-146.41072800448782
-156.46266054240948
-166.28014780067906
-175.85674661890883
-185.18615989538284
-194.262290433157
-203.07944324725983
-211.6290907006734
-219.91093526733795
-227.9212873352472
-235.6550680109851
-243.10683599283814
-250.2713391994877
-257.1436310353292
-263.71901194939164
-269.9930838140453
-275.96170858178243
-281.620956598197
-286.96709991524256
-291.9964971774725
-296.7057239806983
-301.09152176331617
-305.1508804225151
-308.8809871736788
-312.27928244095835
-315.3434464966695
-318.0714615827099
-320.46150549315837
-322.5119466175794
-324.22139048297134
-325.5886308809606
-326.61269660117074
-327.29284374227
-327.6284276546698
-327.61913978349384
-327.2647916868029
-326.5655476500554
-325.52175807009024
-324.1339926296325
-322.4029718817851
-320.329688903529
-317.915370753034
-315.16142305730125
-312.06959073464384
-308.6418854099229
-304.8805322248083
-300.78809596111955
-296.36737930888023
-291.622824412111
-286.5551151404306
-281.16209308381684
-275.4443563026158
-269.40980560367
-263.05976725673224
-256.3971124118164
-249.42543695714562
-242.1486777518314
-234.57128646693087
-226.69793572739195
-218.53328305290907
-210.0823783232459
-201.35073450110312
-192.34354563939698
-183.06634758240486
-173.52499323538447
-163.7257149172917
-153.6710176474288
-143.37216577593236
-132.83411117390042
-122.06352871624178
-111.06526492218904
-99.84791386767796
-88.41948977337506
-76.78775193281234
-64.96041582578039
-52.94512089621842
-40.74947911362787
-28.38168464509685
-15.84730999903042
-3.153923653787186
9.689361913153643
22.672247213187326
35.787286302594325
49.027868754545345
62.383334528835285
75.84575124777302
89.40739779690429
103.05791894120618
116.78792370787484
130.5886276205167
144.45102635840104
158.36699730542932
172.32738160764782
186.32256286114992
200.34379558489036
214.38185591450994
228.42752816604053
242.47153811471318
256.5050581136044
270.5185854742442
284.50333008588973
298.4491409494717
312.34593770878865
326.1841208360165
339.95489359374864
353.65114153035415
367.2616155910971
380.777554766654
394.19196051238777
407.49538760859554
420.6783372851723
433.73085348428924
446.6447155511289
459.41155018470766
472.0230670000229
484.4708328211877
496.7464902633414
508.8417150970318
520.7483301098191
532.4582733810603
543.9636178995332
555.2566047002156
566.329569760954
577.175011139547
587.7855744561284
598.1539775420282
608.2732722000094
618.1363360974468
627.7361795146034
637.0696278539211
646.1290992969
654.908401244762
663.4014298254119
671.6030731430826
679.5071615695299
687.1086401928048
694.4024315006714
701.3838836919107
708.0479201098508
714.3899246112234
720.4052632212791
726.0917241476259
731.4440019929121
736.4582084461057
741.130485262311
745.4575774095615
749.4362822175399
753.0587515022967
756.326108636655
759.2373689200228
761.7907506112867
763.9843577575084
765.8158519813016
767.28890260451
768.3945293843705
769.1341247575004
769.5116515426228
769.5204639378687
769.1624243918708
768.4381810232607
767.3481720225691
765.8928229049058
764.0726777471957
761.8884686618255
759.3411514034167
756.4319035968263
753.1620904932516
749.5332067154866
745.5520961610085
741.2186664601596
736.5349503886766
731.5027413148485
726.125206678734
720.4062178370663
714.3493998278042
707.9587044642923
701.2383730314384
694.1923123277036
686.8247754541211
679.1394482488905
671.1364257236006
662.8210087926499
654.1994809770848
645.2784558752139
636.0641419823307
626.5624817811001
616.779435417615
606.7212243665243
596.3943535248642
585.8055664934327
574.9618373068122
563.8702793297518
552.5381174505405
540.9726915291266
529.1815403975037
517.172162020077
504.9523905533226
492.52995232986405
479.9128661958284
467.1093212920468
454.12868981439993
440.97974551790526
427.6708196733118
414.21031714791644
400.6048479267138
386.86420082605736
372.99750287818244
359.0151394610042
344.9261898908001
330.7383326988539
316.4609784205721
302.10410982002776
287.67738051244595
273.19014962559424
258.65190533135507
244.07198334085086
229.4600824812868
214.82591671683562
200.17926251376062
185.52975346377718
170.8862298795916
156.2593655799825
141.65833548896768
127.09218623662673
112.56968236059586
98.10233486176544
83.69836699901268
69.36574955681982
55.115934674671024
40.95956867890488
26.904199700747494
12.959775521924511
-0.8637114712357529
-14.558568174746432
-28.112751614767536
-41.519876001831776
-54.77016231166077
-67.85474473591152
-80.76225643734173
-93.4888990507117
-106.02194850381525
-118.35793832697091
-130.48713199057576
-142.40065433614504
-154.09031778710124
-165.54837182304405
-176.76728493696922
-187.737307548216
-198.45964692784176
-208.92102935410293
-219.1181115319145
-229.04544789476014
-238.69660584871417
-248.06495940108462
-257.1440807941728
-265.9278305167219
-274.41031315707005
-282.5859077780486
-290.4491481181883
-297.9948586399659
-305.2180409223035
-312.1138425302742
-318.6776701120532
-324.90513138823286
-330.79204439325366
-336.3344577573391
-341.5286807676795
-346.3712968937433
-350.8590331871671
-354.9889053320013
-358.7581624479965
-362.1642170860343
-365.20474145776706
-367.87758121859605
-370.1808209671692
-372.11282069622166
-373.67218513639455
-374.85769443418667
-375.66837470701626
-376.103398650241
-376.1622268975951
-375.84464211988706
-375.1507149252381
-374.08071759537927
-372.63517695240216
-370.81476299503413
-368.6205572116226
-366.05379305904165
-363.1158941634888
-359.80862608573864
-356.13386909488116
-352.0938147644368
-347.6908379777275
-342.9276490404592
-337.80708291572944
-332.3323422514184
-326.50684112594627
-320.3342200574797
-313.81833295829693
-306.9633759597425
-299.77415906266407
-292.25613450035354
-284.4164021272111
-276.25202562263854
-267.7636209500038
-258.9577057925581
-249.83926377398052
-240.40999249894838
-230.68400408550633
-220.66493350947601
-210.35776202920007
-199.76812567523928
-188.90242905805053
-177.76748940178953
-166.37023348417168
-154.7178978818884
-142.81790630439852
-130.67759281122252
-118.30492719630452
-105.7059068165362
-92.89218868302025
-79.86943851303583
-66.64772897471967
-53.23549013083642
-39.642378299586134
-25.875855452775195
-11.944168491846927
2.144922904198971
16.381247374328353
30.7538951268989
45.254474253582195
59.87541226050663
74.6056637830955
89.43468395010227
104.35266229997735
119.35000655520696
134.41677985838746
149.5444059928053
164.72361176992226
179.9439869450242
195.1959697974738
210.4695753008264
225.75479765936012
241.04139365815467
256.31963104218346
271.5793734986847
286.8100771939042
302.00132919832834
317.14199288107955
332.2236320303335
347.23466217399897
362.1650671379514
377.0051596246259
391.7474974831258
406.3816005398153
420.89626306498286
435.2819206411783
449.5291049640602
463.6284443867934
477.570588715273
491.34624976821675
504.9462746178656
518.3615248038907
531.5829750788595
544.6016950797031
557.4089123423994
569.9959310935101
582.3542217302203
594.4753088066831
606.350759361567
617.9723450881968
629.3321131421944
640.4252862499359
651.2436245116861
661.7799846729932
672.0267593535593
681.9776514327581
691.625533691114
700.9642575208661
709.9876047290971
718.68972191501
727.0644680638343
735.106474716222
742.809436742975
750.1624118541614
757.1638593389521
763.8107770103904
770.0997053112948
776.0267558603783
781.5878653910213
786.7790651289395
791.596631200269
796.0371622982557
800.0975722253412
803.7750835174368
807.0671804742266
809.9716290874769
812.4863443327474
814.609519022059
816.339501576511
817.674893243086
818.6145459121136
819.1575660561512
819.3033674760824
819.0516345955607
818.4023227849316
817.3556391600262
815.9119984976317
814.0720818557743
811.8368279128131
809.2073388995631
806.185021566532
802.7715592470998
798.9688587210255
794.7790703763508
790.2045529144885
785.247929197613
779.9120171403924
774.2042146805928
768.1251225523926
761.6770879879216
754.8636542503822
747.6835150884882
740.1450025795089
732.2519247117204
724.0105702732678
715.4271065418757
706.5070314692206
697.2557017357921
687.6787465750394
677.7820522202182
667.5708184317624
657.0474557686715
646.2204217976085
635.0977332363674
623.6872129245994
611.9962822339286
600.0322673234073
587.8026986749023
575.3153165790499
562.5781701578637
549.5995656181705
536.3880554943582
522.9522807677813
509.3009895035391
495.4429646049377
481.38738153098586
467.14322659934277
452.7214686901786
438.13045878499014
423.37960753003716
408.47620636577415
393.43105971833813
378.25439882192813
362.9580184774477
347.55129650692646
332.04264636391787
316.4423083623847
300.76124773940717
285.00967198691677
269.1978055789286
253.33615933043924
237.43519072044938
221.50567279246198
205.5581887654803
189.60276490919307
173.64974452722893
157.70915175536908
141.79264448428367
125.9098490108053
110.07094671686636
94.286220027324
78.56525678037352
62.919662895373584
47.36015534643781
31.89611709602393
16.53819384770936
1.2964768108524023
-13.818915948676658
-28.79801815020964
-43.6299539736289
-58.30257535346521
-72.80931526158169
-87.13966513255323
-101.2811064732392
-115.22992438393995
-128.9716194941118
-142.50194377908034
-155.81005556320255
-168.88683848552168
-181.72361840379426
-194.30941177200052
-206.6414050984882
-218.71331400611766
-230.5173164487561
-242.04534645760125
-253.28950096528484
-264.2421314705558
-274.89579701066475
-285.2433800997414
-295.2780745764331
-304.993236085814
-314.3824287656919
-323.43943786252
-332.1582442540785
-340.5330432043216
-348.55820337892453
-356.2283919093966
-363.53853219380534
-370.48378928156313
-377.0596013279338
-383.2616498244283
-389.0857195034002
-394.52794960588375
-399.5846290330395
-404.25218827274546
-408.5272141555363
-412.40649325612463
-415.8873890624384
-418.9674859144993
-421.6447320701749
-423.91731833089693
-425.7834961348449
-427.24177145423994
-428.29097881094054
-428.9302355353222
-429.1588696199738
-428.97646254647356
-428.3828898666459
-427.37830446606694
-425.96316200640047
-424.13819828768044
-421.90436968948603
-419.2629312859792
-416.21542010684294
-412.7636270667615
-408.9095800622066
-404.65554613128626
-400.0040360821995
-394.95787694384506
-389.52011752659354
-383.69410047220356
-377.48338850423886
-370.89173216682445
-363.9231448858417
-356.58195339157396
-348.87266897840124
-340.80010355534813
-332.3692161165731
-323.5853315111163
-314.4542639443466
-304.98241421771036
-295.1790127113454
-285.04298720461725
-274.57758995010187
-263.7882585683242
-252.68116336251447
-241.26371651805533
-229.54319759363733
-217.52689743569437
-205.22202834900978
-192.63660315632882
-179.77823928728174
-166.65473778314964
-153.2744056443754
-139.64514325772888
-125.77522350317417
-111.6745331580648
-97.35220002740226
-82.81583752775508
-68.07698543698389
-53.14594428638687
-38.03294080580195
-22.743565519251664
-7.288094636251407
8.322553601635343
24.07700788224365
39.96424527874465
55.97621459835718
72.10121188984314
88.33012330741641
104.65081445744147
121.0517220018221
137.52393765740462
154.05617046253874
170.63801100104132
187.25834152746174
203.90670032981757
220.57231137721107
237.24428074716536
253.91192722069403
270.5643398802453
287.1893874872277
303.7757644118188
320.31170301978835
336.7880463771028
353.19412363261364
369.51729479337286
385.74629420922736
401.8724267678821
417.88320968700583
433.7686627375765
449.51816485501257
465.12160505714144
480.5685289119126
495.8486253194963
510.95164845474227
525.8674864531213
540.5859738860789
555.0968676172379
569.39106705184
583.4580744312052
597.2885704895832
610.8730248936995
624.2057930280349
637.2765586027306
650.0762713072402
662.5963511055057
674.8281736267943
686.7634820692394
698.3945830698531
709.7139210494769
720.7138179706999
731.3867889101269
741.7252669845933
751.7164170792665
761.3571391785291
770.6429615516316
779.568588801652
788.1282836826654
796.3161368323047
804.1265325956514
811.5540243827365
818.5935134712372
825.2402147903391
831.4896656363549
837.3377172984065
842.7804490339323
847.8140852914504
852.4351059949158
856.6402095502268
860.4263910820761
863.7909178395253
866.7314129628577
869.2457274065927
871.3319890983931
872.988636630019
874.2143436545934
875.0080528132419
875.3690418853171
875.2968242228732
874.7911212425535
873.8520095452042
872.4798458283346
870.6752563929764
868.4391362453247
865.7726839662955
862.6772880849909
859.1546580105933
855.2066954608923
850.8356869195035
846.0440762190494
840.8346721299802
835.2105954931465
829.175143940789
822.7319277339963
815.8848067862467
808.6378551597686
800.9953222182619
792.9616960389037
784.5416280301146
775.7448922713853
766.5736131538889
757.0321165868228
747.120771000104
736.8496989890064
726.2259412723633
715.2568292630206
703.9502007847398
692.3119278652392
680.3491840764431
668.0686017668858
655.4737989758812
642.5743795510631
629.3798123008472
615.8994460429143
602.1421261975927
588.1166579797647
573.8320307691159
559.2972748443466
544.5216849683273
529.5148380750543
514.2865070865294
498.84673836895195
483.20554595134445
467.3747593682351
451.364188061175
435.18399077177105
418.84342123106296
402.35154607016244
385.72053503113887
368.9633879295381
352.0904326876476
335.11125492456455
318.0373049587727
300.8794400750912
283.6495101976667
266.3588199873174
249.01878472304765
231.6407992392153
214.2364219370306
196.8170849256578
179.39385076300206
161.979062131983
144.58328475887635
127.21927292086946
109.89657482168033
92.62752727467402
75.42360678294898
58.296763417408954
41.25698545176798
24.31496275222149
7.482018752487346
-9.22843601525839
-25.80541185839228
-42.23951898656263
-58.51696346420062
-74.62950129380143
-90.56615687190735
-106.3130492923808
-121.86249591527701
-137.20773752515015
-152.3365885127465
-167.23795337159876
-181.89940063156092
-196.3167607996497
-210.4822133074345
-224.38656586052514
-238.0204002208053
-251.37447740826912
-264.4397784704714
-277.20748303283705
-289.6690921919414
-301.816328963221
-313.64115185004204
-325.1356915996697
-336.2923410320563
-347.10371460219096
-357.56262481353866
-367.6620765961743
-377.3954111448057
-386.7561897778582
-395.7382050258289
-404.335516543296
-412.54251182546767
-420.3537868495656
-427.7640217079381
-434.76754228934055
-441.3586884956379
-447.5324200413541
-453.2844755498001
-458.61094256356495
-463.50695569541006
-467.96785133365177
-471.99494484786044
-475.5822750519759
-478.7220274145466
-481.41818205518337
-483.669564788222
-485.46586504426375
-486.8130855228027
-487.7124466513335
-488.16536302525753
-488.17375723196585
-487.7375166365469
-486.85623005657703
-485.53509212322723
-483.762495726867
-481.5424048925043
-478.87570866391707
-475.76304109064455
-472.2055347344659
-468.2118730970718
-463.7775800616814
-458.90280317137973
-453.58381193353677
-447.8263706649373
-441.6367683386708
-435.02134757048935
-427.9858218642207
-420.53530953134856
-412.674734433623
-404.4089834523576
-395.74311337402946
-386.6824952270998
-377.2328135001159
-367.400140802365
-357.1908949146867
-346.61162690383526
-335.66895837678413
-324.36988028776204
-312.7217048018803
-300.7323617255417
-288.41260342064373
-275.76187793318707
-262.7849479930316
-249.4895549474173
-235.88389425118956
-221.975498950445
-207.77659722327948
-193.298375845458
-178.54681063560682
-163.52973974950652
-148.2560129381659
-132.7349813816001
-116.97658749652928
-100.99062772898
-84.78820037151624
-68.38051497700387
-51.77655273229418
-34.98928548779995
-18.02748186484631
-0.9022772821573176
16.375410181299554
33.79253104316632
51.34001756118548
69.00417855223517
86.7747484519098
104.638696035155
122.58377640365704
140.59977523198694
158.67553618113104
176.79889527751578
194.9585108036723
213.14272343238454
231.33975775305078
249.5379176122428
267.7253117192579
285.888633018405
304.0154711721947
322.0928883133007
340.110756298463
358.0554704273134
375.9160288073707
393.6824166013294
411.34116071913417
428.88055296946146
446.2890477572736
463.5548660490013
480.6667089238262
497.6129186264608
514.3823040382913
530.9636308388531
547.3457602464306
563.5176752735347
579.4683885821411
595.1870182967615
610.6663872990634
625.8946143413649
640.8610458911061
655.5555918574844
669.9683755200665
684.0895907587417
697.9103753993678
711.4216558997074
724.608187157989
737.4706718363392
749.9920777676765
762.1670847145738
773.9887247910693
785.4499623301173
796.5433285070708
807.2613951263453
817.5968634265469
827.5426697588816
837.0920513133211
846.2385584667679
854.9761039113832
863.2988546184105
871.2012107298448
878.6778458383293
885.7236661393144
892.333837909842
898.5037921388152
904.2292347318249
909.5062514275198
914.331124902619
918.7004970587166
922.6113169528079
926.0607230720802
929.0462619568627
931.5657751777856
933.6174469969977
935.1997164906993
936.3113271582375
936.9512619350351
937.1188242709915
936.8136207632107
936.0355327457374
934.7847426864552
933.0617263282022
930.8673016309792
928.2026693164984
925.0692107103929
921.4686721004527
917.403096623306
912.874883515691
907.8866481758757
902.4412781919931
896.5419669606557
890.1920789699817
883.3952900768555
876.1556353920538
868.4774124837547
860.3652034591045
851.8238645136416
842.8585136704257
833.4746070943906
823.6778092211374
813.4740276442769
802.8693757114556
791.870095149857
780.4873908503912
768.7198961163027
756.5761988191671
744.0677334239882
731.2004308217441
717.9828875005347
704.4233262541037
690.5299725091481
676.3084190192325
661.7640203049173
646.9075672637397
631.7508904642244
616.3051645117953
600.5807467764228
584.5876736484543
568.3359634256061
551.8359754594907
535.0983320833789
518.1340098947915
500.9540118492206
483.5695422399813
465.99323383906113
448.23645903243937
430.3105408671229
412.2247356078575
393.9915407193911
375.6233118548812
357.1321384727399
338.530130488342
319.8295278309975
301.0433358004557
282.18352991264055
263.2624380787575
244.29239401697552
225.28603070663902
206.255938847731
187.2141776966008
168.17364955366872
149.14757906722275
130.14770555282988
111.18619013657202
92.27490326030181
73.42625446928331
54.65366749609577
35.96860036482804
17.383766262695616
-1.0896090815126203
-19.437522933984585
-37.64763380287622
-55.70750906587175
-73.60518550510648
-91.32598865010779
-108.86363442995791
-126.20476059135558
-143.3371312256141
-160.24924974284545
-176.92753276991567
-193.3667622305893
-209.55787585954675
-225.4901924566012
-241.15284605058653
-256.53517215262684
-271.62681382515905
-286.41767690634646
-300.8979055149662
-315.05792944978344
-328.88837100799384
-342.3801088739291
-355.5242103333915
-368.31196990350065
-380.7348510009535
-392.7845338334159
-404.45303408634294
-415.73262037081645
-426.61586985873106
-437.0957024849099
-447.16519083715934
-456.81743267446325
-466.04608230545097
-474.8420484505278
-483.19794921257363
-491.10814169503874
-498.5675157298354
-505.57125261580927
-512.1109087784947
-518.1970336712026
-523.8184542927012
-528.9680331668404
-533.6402479532501
-537.8305930580989
-541.5395622872211
-544.7631926795086
-547.4996955885902
-549.7458077953479
-551.5007961510602
-552.7627391058766
-553.5297943150729
-553.8019530866804
-553.5781790623643
-552.8584395843839
-551.6436940895045
-549.9340945881897
-547.7300993633119
-545.0328824190393
-541.843862872565
-538.1648961202166
-533.9910952259082
-529.3409232916821
-524.2038333084978
-518.5873666033086
-512.495466164537
-505.9306037966542
-498.89466073173503
-491.3921418774496
-483.4275805732474
-475.0071577620656
-466.13819968756434
-456.82642535545375
-447.0770511065439
-436.8964699728182
-426.292026101316
-415.2713107109161
-403.84193505348253
-392.0114161999332
-379.7873234332476
-367.1773713606948
-354.1894595696949
-340.8317686242991
-327.11267283698
-313.04115416881734
-298.62726399601434
-283.8830576005395
-268.80995459331143
-253.41406399922715
-237.70430865974532
-221.6905057865109
-205.3827944006426
-188.79211192020009
-171.9280313912667
-154.80022768206877
-137.42034769960935
-119.79972804805584
-101.94733124929584
-83.87717555568605
-65.60144200355624
-47.13238570799132
-28.482700684381378
-9.661144895834706
9.320007503558648
28.44712779302554
47.70825799009111
67.0918657729969
86.58362877811417
106.17008446381581
125.83831288073425
145.5756436922006
165.370214058627
185.20900350913325
205.07936235381317
224.968789325272
244.86473792315454
264.7545175237701
284.62402524057575
304.459654224229
324.2472393835481
343.97526693480205
363.62886454470805
383.1945989658259
402.6614998178579
422.01616122588393
441.2463515088144
460.3389743771991
479.281393820258
498.0609613787112
516.6649917991463
535.0809833202188
553.2965396162097
571.3020077738136
589.0846231753934
606.6322830300209
623.9328018189711
640.9744677892209
657.7461141191994
674.2361067317906
690.4342121125509
706.3293346940779
721.9111744626863
737.168950764829
752.0865106500262
766.6583635915563
780.8762028755125
794.7312629705203
808.2145529644113
821.3169525274566
834.0296370541032
846.343986220074
858.2516694817645
869.7447950312693
880.8156587356153
891.456924892277
901.661515099402
911.4224980767812
920.7333090267125
929.587641747366
937.9795076744002
945.9032006799904
953.3533153217273
960.3248396381058
966.813091702347
972.8137101897386
978.3225869488302
983.3359226036919
987.8502252640278
991.862293861406
995.3693111921774
998.3687482116823
1000.8584479878225
1002.8365578335389
1004.3015565253061
1005.2522481979752
1005.6877542500218
1005.6075013863865
1005.0112782363597
1003.8991957040708
1002.2716971322077
1000.1294923501943
997.4736986767658
994.3057759347486
990.6274295084373
986.4407107182575
981.748016423185
976.5519802759845
970.8555949600712
964.6621516599547
957.9751852736013
950.7986188828194
943.1366677362082
934.9939279635678
926.375234686273
917.2856956949462
907.7307740193788
897.7162860304986
887.2481515621675
876.332637198129
864.9763681993788
853.1861266797001
840.9691067904301
828.332624709013
815.2843196758831
801.8319629768256
787.9834968366997
773.752457695954
759.1392914954713
744.1555413016849
728.8102056725583
713.1159251100485
697.0815476202464
680.7135303530791
664.0187491245584
647.0091205039952
629.6976480203319
612.096840739474
594.2186128770232
576.0744514042466
557.6758290173493
539.0345237586212
520.1626390604779
501.07240679700885
481.77647608314254
462.2892419681402
442.6223414592251
422.7882640961581
402.7977443774552
382.6649162376639
362.40484326701386
342.0287480576341
321.5503137277805
300.9838625572782
280.3424895670997
259.6397420116181
238.88906651024956
218.10428172198723
197.29909260980787
176.48680454947143
155.6814726914046
134.89766401227524
114.14797300415457
93.4455922180083
72.80276531044814
52.235762891319474
31.75671338816116
11.378938418364331
-8.88280111534699
-29.014768728727514
-49.00468084558696
-68.84142963466196
-88.50978870414046
-107.99589105189598
-127.28638433436562
-146.36842488486988
-165.22954807639886
-183.85478359867867
-202.23757357983197
-220.3675077955166
-238.2327499008277
